4 102 10 99 223
1 4 27
2 16 85
2 45 23
2 88 5
7 3 17
7 17 2
9 3 71
10 41 46
10 44 100
10 82 88
11 8 1
11 70 54
14 37 4
14 57 7
14 94 88
15 49 70
16 34 27
16 74 89
17 89 63
19 27 52
19 29 16
19 42 66
20 13 89
20 84 23
21 18 21
21 51 5
21 97 83
22 69 58
23 98 66
24 86 68
25 41 49
25 93 59
26 22 62
26 46 14
27 26 20
27 63 94
27 64 44
27 74 40
28 63 96
28 87 57
29 1 48
29 80 92
29 82 97
30 33 18
30 43 81
30 49 94
30 59 78
30 66 16
32 18 12
33 16 26
33 31 37
33 86 77
33 98 76
35 16 53
35 32 65
36 44 78
39 24 53
39 87 98
40 28 21
40 71 36
40 74 29
41 5 75
42 9 46
42 22 43
42 34 38
42 44 11
42 49 28
43 15 82
43 78 44
43 87 89
45 24 81
45 76 90
47 65 58
47 84 91
48 13 34
50 80 91
52 5 26
53 44 22
54 8 26
56 41 18
56 47 95
56 94 49
57 51 47
58 48 46
59 8 28
59 10 32
59 31 70
59 49 28
59 68 28
60 9 37
60 32 27
60 33 44
60 69 92
60 88 65
61 32 87
62 23 26
62 42 21
62 50 82
62 66 79
62 76 10
63 4 13
65 35 12
65 54 70
65 84 10
66 70 86
66 98 22
67 71 57
68 16 83
68 32 82
68 71 73
70 54 97
70 63 55
73 16 16
73 72 89
74 8 33
75 3 68
75 29 47
75 46 27
75 82 52
76 91 9
77 33 59
77 38 15
77 65 97
77 68 48
77 76 12
78 2 75
78 5 44
78 10 63
78 29 94
79 27 23
79 41 6
79 42 81
80 18 20
80 37 11
81 37 55
81 57 39
81 71 44
81 72 29
81 83 12
82 20 39
82 35 36
83 71 96
85 74 68
87 82 36
89 9 63
89 71 93
89 75 23
89 94 4
90 22 32
90 34 47
90 51 91
91 3 35
91 24 75
91 72 46
93 74 33
93 84 36
95 82 72
96 88 63
97 23 9
99 57 92
99 64 63
99 92 82
100 23 73
100 43 84
100 65 61
3 101 0
4 101 0
5 101 0
0 6 0
6 101 0
0 7 0
8 101 0
0 11 0
0 12 0
12 101 0
13 101 0
0 14 0
18 101 0
0 19 0
0 21 0
0 25 0
0 30 0
31 101 0
34 101 0
0 36 0
37 101 0
38 101 0
0 39 0
0 40 0
44 101 0
46 101 0
49 101 0
51 101 0
0 52 0
0 53 0
0 55 0
55 101 0
0 56 0
0 58 0
0 60 0
0 61 0
0 62 0
64 101 0
0 67 0
69 101 0
71 101 0
72 101 0
0 73 0
0 77 0
0 79 0
0 81 0
84 101 0
0 85 0
86 101 0
88 101 0
0 90 0
92 101 0
94 101 0
0 95 0
0 96 0
98 101 0
0 99 0
0 100 0
0 902 815 702 623 734 636 747 999 754 796 938 934 883 876 870 929 765 899 811 680 985 931 628 606 500 740 943 644 870 910 505 771 725 707 640 959 843 888 703 843 930 641 522 812 516 892 988 527 790 798 955 774 728 582 626 975 568 816 618 684 725 871 701 950 824 842 654 667 729 858 756 905 745 779 963 761 917 950 535 954 994 990 974 968 818 600 943 887 662 807 817 633 677 518 583 501 606 984 915 835 0 
30 43 89 36 96 26 40 41 66 48 
0 0 0 0 0 0 0 0 0 0 
61 12 61 99 26 59 62 27 15 38 
12 39 34 73 12 39 81 81 73 79 
35 77 81 99 30 30 16 49 52 25 
52 11 19 19 50 58 45 88 95 97 
22 64 31 93 22 62 28 63 83 82 
72 81 70 15 25 76 16 66 79 75 
34 13 66 50 82 85 44 56 44 50 
91 66 62 87 51 52 76 55 80 10 
79 78 22 49 11 97 98 86 73 12 
66 25 88 56 55 95 71 25 51 82 
48 80 100 87 20 85 69 45 77 81 
54 70 83 30 15 28 76 94 83 23 
42 92 69 46 64 75 55 21 30 42 
24 100 50 100 22 29 81 28 21 68 
53 65 10 30 38 27 18 64 16 73 
22 35 62 65 64 78 33 26 91 72 
85 95 24 66 71 91 30 99 75 55 
25 52 45 82 54 77 89 88 92 92 
26 58 90 71 80 97 19 74 42 21 
70 61 73 30 43 30 96 24 92 36 
32 86 26 11 83 24 29 31 38 95 
73 66 76 93 28 51 42 55 46 62 
56 56 42 49 51 13 56 53 18 81 
51 32 46 75 92 69 82 91 70 56 
64 47 47 44 90 45 46 53 93 33 
30 59 56 67 90 28 35 68 61 91 
93 94 88 40 19 36 15 51 91 75 
60 39 18 46 66 39 63 48 98 90 
56 24 83 82 85 20 55 84 95 22 
23 98 82 85 64 23 78 47 74 93 
29 51 48 96 52 54 14 87 11 60 
61 79 80 16 39 16 10 79 93 18 
76 41 49 29 97 30 58 88 80 89 
15 63 48 82 30 88 11 90 42 61 
22 28 38 58 36 59 42 34 48 68 
51 24 78 24 68 81 43 100 32 17 
100 90 23 66 35 87 58 46 82 84 
17 81 76 39 74 45 87 96 47 80 
59 80 51 78 59 19 62 59 50 73 
78 46 99 49 54 16 57 25 94 92 
47 23 80 35 47 92 53 90 22 28 
74 29 13 44 25 33 15 39 37 59 
87 54 92 18 68 28 80 79 94 58 
30 49 59 41 52 26 27 96 26 71 
25 84 76 61 25 21 21 51 15 39 
66 28 54 12 74 65 78 87 21 78 
72 22 40 19 49 97 23 99 93 58 
94 62 100 12 72 90 18 11 30 44 
66 97 100 65 94 28 76 84 50 71 
12 75 20 80 81 63 88 73 44 46 
62 90 75 66 71 64 38 40 87 88 
69 26 45 40 96 72 81 31 24 89 
48 63 38 91 11 45 81 14 22 33 
96 88 49 64 47 98 69 61 71 43 
53 83 38 52 36 93 46 95 65 74 
96 37 51 39 23 60 100 28 25 56 
12 16 20 82 97 31 23 64 75 22 
40 49 29 92 94 38 93 54 46 69 
14 83 12 75 93 29 86 87 81 79 
53 57 83 38 30 59 23 40 32 65 
24 43 82 15 43 66 90 96 88 97 
49 83 74 100 32 62 90 61 49 42 
35 89 72 33 84 89 47 100 75 87 
44 44 30 94 10 62 97 45 29 74 
96 71 87 42 63 46 97 78 14 66 
84 93 43 62 56 60 73 49 23 25 
42 11 79 47 20 94 96 60 61 26 
42 71 41 21 98 90 12 92 56 93 
68 56 73 19 25 22 48 12 70 97 
41 69 86 33 11 24 97 97 100 13 
59 37 59 82 67 32 55 12 83 25 
53 35 60 65 12 32 22 68 81 74 
96 89 30 91 45 91 62 10 50 27 
17 94 72 52 32 96 56 44 10 94 
31 57 45 79 76 67 31 90 86 57 
45 29 36 87 53 84 36 23 39 89 
40 41 60 65 57 40 88 85 26 58 
13 33 94 81 55 48 61 81 65 79 
28 59 24 58 26 46 55 26 41 65 
28 63 22 92 79 16 52 19 67 12 
50 23 79 13 52 55 99 61 41 19 
80 22 41 38 81 89 36 34 97 11 
92 23 99 44 77 76 42 95 64 41 
96 32 76 55 97 89 99 61 47 51 
76 41 43 12 14 63 39 78 56 24 
80 66 71 13 94 54 25 81 40 18 
42 27 26 28 79 40 80 100 18 26 
86 45 21 47 15 56 74 49 33 17 
64 29 64 25 84 32 37 41 91 89 
37 35 80 82 18 14 69 14 88 65 
94 92 61 85 97 59 52 62 81 54 
93 23 45 75 84 47 91 59 32 69 
28 99 22 58 54 14 41 47 55 90 
23 24 16 62 23 66 15 24 35 75 
95 65 88 80 24 66 77 55 73 57 
10 50 31 91 20 75 56 16 94 69 
49 25 25 73 59 73 87 37 49 19 
82 91 63 35 23 74 44 69 20 90 
97 83 82 74 20 52 30 32 78 24 
43 12 59 75 43 62 52 61 35 62 
0 0 0 0 0 0 0 0 0 0 
