4 52 7 250 112
4 22 55
4 30 83
5 2 26
5 6 2
5 22 68
5 25 59
5 37 10
6 49 84
6 50 50
7 3 48
7 5 87
7 46 68
8 22 97
9 13 83
10 44 75
12 39 26
12 47 50
13 4 91
15 14 30
15 19 38
15 46 94
15 49 21
16 2 84
16 5 76
16 32 20
16 45 86
17 18 20
17 21 29
17 26 19
17 33 4
17 36 64
17 38 5
17 42 42
18 4 65
18 28 91
19 26 11
20 4 53
20 9 63
20 26 16
20 27 62
20 33 52
20 39 6
20 43 28
21 22 48
21 38 71
23 10 26
23 48 24
24 3 21
24 39 70
25 14 76
25 29 49
25 37 94
26 22 35
27 5 41
28 4 26
29 11 97
31 25 96
32 44 42
33 26 76
33 28 59
35 37 70
36 2 75
36 14 9
36 25 36
36 37 46
39 6 76
39 13 58
40 35 50
40 37 9
40 45 42
41 4 58
41 10 80
41 11 61
41 25 8
41 46 72
42 6 62
43 46 88
43 47 69
44 11 2
45 30 47
46 35 27
46 38 96
47 9 72
47 22 67
47 32 16
48 25 23
0 1 0
1 51 0
2 51 0
3 51 0
0 7 0
0 8 0
11 51 0
0 12 0
14 51 0
0 15 0
0 16 0
0 17 0
0 20 0
22 51 0
0 23 0
0 24 0
30 51 0
0 31 0
0 34 0
34 51 0
37 51 0
38 51 0
0 40 0
0 41 0
49 51 0
50 51 0
0 915 696 538 783 966 902 887 854 790 956 513 567 662 593 891 982 664 522 659 673 936 573 961 654 922 949 913 854 758 545 729 672 988 767 955 953 916 842 552 705 543 812 519 705 905 910 687 816 678 592 0 
81 96 77 49 38 10 48 
0 0 0 0 0 0 0 
53 11 70 62 88 22 70 
95 47 69 39 28 98 63 
51 49 28 78 11 41 68 
85 47 22 63 33 37 79 
75 80 49 18 58 89 61 
61 56 38 73 43 18 21 
31 24 75 31 39 55 56 
100 64 69 49 99 21 91 
37 85 21 77 34 40 48 
17 56 91 56 18 12 34 
93 31 14 73 57 46 77 
82 75 46 64 67 39 34 
69 91 54 38 66 42 70 
48 97 34 70 36 15 77 
44 88 20 74 31 61 62 
87 88 16 58 74 100 65 
55 55 31 45 12 68 39 
17 89 52 85 94 71 21 
89 94 50 36 18 28 62 
38 69 19 98 64 10 35 
97 13 91 82 24 48 16 
91 16 70 12 25 54 44 
51 52 98 63 52 22 54 
39 95 62 56 30 19 37 
34 87 88 47 16 60 99 
95 70 35 100 74 99 93 
87 23 62 25 64 34 89 
48 12 38 45 37 74 29 
74 27 93 14 46 19 84 
83 11 31 75 65 65 18 
69 90 69 23 55 92 29 
80 10 24 40 83 68 99 
11 33 69 37 68 81 22 
57 92 46 90 61 37 63 
24 57 33 85 29 58 54 
57 29 63 42 13 47 91 
76 78 23 25 67 58 19 
71 75 62 51 76 22 57 
10 34 74 57 20 88 82 
52 17 94 39 65 90 64 
80 90 95 40 18 90 14 
31 49 77 48 87 58 35 
59 83 39 25 61 49 32 
51 24 87 30 47 73 23 
73 79 91 59 44 98 32 
61 76 67 52 72 100 25 
45 99 63 43 96 36 86 
55 76 31 38 38 42 30 
12 65 72 43 96 26 97 
33 93 99 91 90 33 26 
0 0 0 0 0 0 0 
